8 20 3
0 -1 -1 5 23 -1 23 25
-1 0 25 -1 24 12 20 14
-1 25 0 19 -1 5 20 30
5 -1 19 0 -1 -1 30 8
23 24 -1 -1 0 12 8 23
-1 12 5 -1 12 0 24 24
23 20 20 30 8 24 0 -1
25 14 30 8 23 24 -1 0