10 36 3
0 11 20 -1 23 -1 30 -1 -1 13
11 0 26 -1 26 -1 -1 -1 26 25
20 26 0 5 7 24 18 19 18 25
-1 -1 5 0 23 30 11 12 -1 7
23 26 7 23 0 9 13 11 5 15
-1 -1 24 30 9 0 27 12 9 24
30 -1 18 11 13 27 0 12 30 6
-1 -1 19 12 11 12 12 0 18 5
-1 26 18 -1 5 9 30 18 0 25
13 25 25 7 15 24 6 5 25 0